Enter n:
Initial Matrix

625 687 16 827 692 806 823 36 101 772 838 656 712 917 428 905 106 632 669 122 284 781 144 300 422 0 758 180 639 654 855 616 693 223 795 737 29 618 774 130 742 964 138 454 881 566 712 340 198 733 462 835 514 606 135 288 958 894 469 597 900 676 213 593 899 8 330 928 978 104 411 73 421 549 879 302 116 591 642 666 677 457 501 191 415 989 480 374 235 301 971 135 977 537 728 228 897 58 508 876 
515 919 949 936 821 180 590 937 772 585 955 449 42 457 992 457 446 824 831 681 125 155 168 454 44 896 682 941 306 543 169 821 462 470 109 283 651 700 572 775 285 528 224 679 337 568 488 135 393 672 168 870 827 336 325 871 232 359 164 890 902 334 712 717 804 173 352 455 873 277 230 510 157 806 541 494 375 30 981 120 702 149 342 881 485 667 752 69 379 268 959 281 602 23 998 407 197 703 214 422 
980 797 933 137 603 474 631 330 856 612 802 558 113 145 791 598 164 895 19 543 164 978 825 766 354 175 525 551 878 92 973 210 889 258 347 844 85 330 175 941 294 977 852 407 474 643 357 639 539 376 182 703 707 359 821 413 887 699 964 117 791 289 328 680 548 27 524 633 358 51 926 652 381 130 412 855 774 769 494 665 498 29 720 557 740 893 970 627 592 286 745 383 575 425 415 475 452 292 108 162 
343 387 815 76 517 579 932 643 348 778 660 198 807 380 755 900 274 77 527 866 363 624 602 939 401 369 414 854 661 875 16 357 614 183 433 131 762 365 127 463 496 787 13 655 168 769 555 794 846 83 12 210 59 614 501 461 984 267 667 997 142 683 354 108 219 788 240 333 505 719 148 1 506 162 657 26 283 564 172 481 647 185 691 59 151 544 520 135 812 187 485 306 222 839 415 793 979 7 479 485 
726 627 838 584 141 495 963 424 60 135 906 59 672 949 118 824 494 990 311 658 529 796 964 752 988 731 545 967 738 24 452 816 4 291 753 145 138 68 570 550 555 828 962 228 777 432 52 623 423 363 281 952 512 598 56 500 681 954 819 772 330 272 940 334 915 693 832 405 761 754 956 317 582 918 897 711 702 949 335 125 664 968 430 528 918 486 380 600 792 200 372 123 824 312 809 739 358 641 144 471 
395 452 788 329 722 37 41 425 338 376 902 355 696 332 883 615 171 264 215 963 464 587 438 288 251 248 379 609 241 875 81 989 328 221 318 402 259 359 827 597 87 82 952 784 766 188 399 289 452 966 605 268 905 43 908 156 643 639 766 885 514 199 874 194 420 544 597 31 256 776 629 343 210 933 479 977 121 230 266 925 196 871 545 101 915 805 610 558 444 376 795 311 927 669 505 347 566 454 379 822 
583 360 165 793 645 997 122 119 227 389 396 776 260 942 229 527 747 839 438 544 567 585 855 494 607 712 194 173 519 925 995 102 285 512 247 282 509 370 401 89 759 798 217 371 92 446 251 191 638 41 735 557 626 942 52 233 7 598 406 526 523 401 628 808 914 227 442 775 597 844 864 708 994 433 432 86 880 683 277 870 724 365 427 350 659 479 936 666 77 342 192 952 96 172 112 362 400 555 137 349 
399 354 58 393 787 490 831 19 525 460 889 249 825 317 951 837 148 887 503 578 582 696 530 678 220 643 392 620 198 529 322 949 235 380 694 375 222 525 394 747 985 636 996 163 305 299 0 453 539 503 383 121 551 266 151 772 261 543 744 459 424 66 760 12 798 454 387 20 331 133 767 668 769 115 831 74 767 183 880 306 39 263 427 590 881 578 714 142 473 811 953 897 229 713 909 28 519 648 48 850 
782 168 871 551 635 702 978 402 238 858 708 277 473 135 219 355 65 286 849 890 97 803 788 326 516 49 706 388 50 107 590 832 275 461 735 910 164 65 313 754 275 373 31 749 509 602 456 926 888 305 817 337 460 957 16 977 358 722 717 408 829 307 592 456 769 680 719 285 745 384 39 21 757 422 122 618 24 578 545 913 235 714 602 696 671 618 25 381 693 742 142 874 401 734 331 170 414 402 455 512 
786 846 533 543 268 655 162 293 585 59 558 820 125 512 868 148 483 245 529 176 987 671 402 741 758 85 911 524 487 719 36 273 565 569 169 186 224 331 831 161 742 389 982 867 253 202 15 736 448 896 264 787 568 667 528 678 752 792 202 240 511 239 865 428 808 34 966 385 717 797 546 459 538 880 678 792 435 45 528 235 942 793 22 862 460 903 540 564 695 742 804 558 981 22 338 142 56 305 879 774 
102 425 585 641 658 264 785 93 309 313 328 251 458 702 465 270 957 5 835 652 748 991 562 81 13 253 223 70 558 102 196 12 880 781 5 890 45 790 335 707 456 663 310 914 717 776 185 675 781 372 679 881 363 594 963 729 847 538 151 757 641 347 121 873 128 127 763 526 269 98 585 725 113 895 640 830 671 177 857 805 549 889 38 264 483 1 345 682 540 496 439 533 195 912 406 324 39 521 202 309 
619 787 386 84 682 26 914 706 203 124 863 104 13 901 369 848 255 66 530 795 563 321 680 758 233 438 434 625 959 988 286 930 775 672 14 810 699 280 868 254 404 731 711 769 984 432 617 239 498 499 386 413 820 66 172 406 856 958 31 167 947 669 97 722 341 111 884 392 744 752 999 500 483 710 270 468 142 239 59 992 91 446 406 263 864 578 669 73 888 52 240 835 721 338 910 415 801 794 159 545 
899 158 46 382 220 668 202 362 259 614 355 702 60 761 966 276 691 987 349 579 40 942 767 113 280 29 880 433 175 40 331 74 198 377 809 419 397 11 133 8 625 840 711 37 601 677 666 644 664 367 576 56 309 695 522 941 724 402 375 251 442 706 326 993 435 135 412 184 498 897 192 476 738 903 865 691 932 531 336 949 251 264 357 560 959 879 502 35 282 229 286 724 935 612 69 722 99 481 906 950 
731 98 426 469 354 291 160 638 175 848 587 426 464 297 338 423 176 192 810 458 421 97 535 708 61 604 430 513 438 336 463 169 787 889 990 493 532 502 131 59 703 71 837 167 368 176 943 544 368 753 355 142 202 242 850 616 198 633 129 636 969 944 157 108 185 147 601 69 2 733 129 705 156 966 224 876 494 167 772 215 273 127 357 827 721 559 443 920 192 924 908 514 868 418 622 53 917 224 123 919 
309 604 624 817 922 201 693 417 368 465 984 993 945 693 821 666 252 264 938 445 189 199 311 409 617 933 463 534 157 938 454 818 894 430 635 816 631 328 585 352 146 569 345 91 262 166 109 515 431 400 312 972 599 623 381 216 908 196 750 418 486 204 236 380 987 224 197 618 904 782 322 50 352 668 493 966 834 603 481 617 355 145 589 954 120 323 170 29 871 920 799 358 477 35 738 816 611 287 786 516 
70 109 918 774 777 412 740 611 367 574 581 722 71 170 676 544 845 198 925 717 470 724 75 299 111 165 115 723 453 902 591 875 11 509 1 140 273 93 103 640 19 684 714 91 207 742 635 52 940 912 121 763 636 196 62 747 714 530 822 519 432 413 746 795 275 747 935 548 192 38 541 212 723 255 303 930 350 290 334 290 554 456 405 190 4 468 289 70 998 464 589 782 229 687 577 504 434 864 405 627 
254 946 191 977 553 846 259 903 488 946 546 42 402 951 232 758 419 873 829 769 337 418 551 567 106 480 71 892 344 828 871 599 774 62 928 680 260 540 583 748 486 129 790 240 81 374 998 852 248 827 622 585 598 525 152 56 6 576 948 702 756 172 301 531 586 582 563 847 122 146 595 960 628 738 200 61 112 550 913 360 378 887 946 976 765 450 384 771 378 684 473 135 856 127 18 795 61 581 994 535 
79 941 495 707 679 47 120 792 597 386 504 327 273 802 303 38 605 39 161 983 724 987 118 580 466 488 727 527 69 721 414 501 663 261 208 342 308 681 486 257 67 991 585 692 145 240 731 750 280 244 734 4 583 204 936 49 693 664 928 114 737 694 615 400 955 176 95 263 857 581 873 276 924 458 968 70 698 51 820 330 296 906 686 879 111 623 281 156 639 561 622 376 256 590 129 211 118 224 827 327 
805 700 603 82 510 571 152 560 623 324 891 271 231 929 502 694 552 135 850 543 697 824 272 953 414 401 516 884 625 695 211 782 395 166 864 257 738 368 818 713 693 61 984 276 990 838 970 895 974 172 438 671 996 710 976 763 463 844 999 88 540 211 223 287 377 439 545 467 808 715 180 853 776 516 129 118 355 451 365 329 975 156 352 971 218 328 86 682 172 86 122 712 649 345 0 378 137 897 846 945 
612 26 150 740 895 631 858 250 434 576 579 409 732 931 732 950 611 171 632 135 257 755 848 258 452 200 636 589 449 834 886 61 213 388 801 108 19 11 358 805 587 289 214 319 220 947 622 183 118 254 318 727 361 518 985 814 70 973 755 519 808 994 580 21 382 733 129 754 97 839 559 36 128 774 708 700 721 330 235 191 936 553 918 298 424 255 464 494 580 219 14 388 213 946 761 948 32 242 702 481 
81 261 517 561 35 225 613 108 555 848 651 492 402 569 142 826 176 606 672 757 177 38 497 743 337 259 691 369 853 745 202 935 6 719 848 394 945 462 854 852 310 506 696 64 427 838 242 604 796 267 713 326 305 210 69 642 821 112 363 675 857 565 610 215 637 810 609 934 624 816 786 935 322 835 351 749 25 946 705 174 213 770 500 518 981 921 513 802 33 228 477 242 146 439 457 783 250 419 69 874 
235 207 161 557 42 865 658 420 811 716 594 24 486 94 894 467 15 759 622 400 988 99 642 486 891 451 621 493 870 690 719 105 897 233 662 292 98 673 712 261 389 306 285 875 752 531 695 119 291 317 519 631 768 513 469 11 964 90 504 835 132 224 940 29 809 955 321 907 628 33 168 369 691 805 596 443 336 291 562 979 960 433 962 81 298 431 92 263 873 949 98 5 525 390 35 334 345 708 241 325 
94 761 694 785 918 291 581 606 934 495 586 895 929 900 328 227 332 420 842 557 369 292 563 246 683 598 580 380 658 173 58 752 286 104 538 204 747 119 811 682 614 749 929 895 649 609 475 333 29 317 891 751 962 454 997 997 404 930 729 414 103 787 167 390 244 705 946 991 176 757 25 142 506 306 390 508 915 865 841 297 534 84 48 496 890 397 493 294 679 223 61 135 362 228 525 606 285 471 598 461 
581 623 955 439 930 345 947 197 210 141 494 97 225 894 593 468 292 87 114 323 662 175 458 24 403 335 631 688 807 229 501 740 204 809 179 486 154 479 684 717 620 178 814 197 73 759 665 717 846 780 392 508 307 851 885 711 186 516 751 345 97 605 85 653 414 617 140 920 96 176 637 68 706 803 265 131 563 283 200 761 415 593 622 722 444 507 785 630 23 537 328 472 142 413 125 556 30 265 476 478 
793 466 546 500 269 164 631 184 447 184 946 214 777 568 936 221 427 722 203 802 259 531 274 753 297 399 661 679 17 137 158 162 955 704 662 577 868 646 761 667 830 707 881 607 627 170 180 406 892 735 208 503 267 482 256 916 234 917 595 603 406 753 765 362 810 780 291 30 426 52 698 608 112 931 567 91 101 747 498 345 482 706 848 101 189 456 17 775 725 965 378 484 718 495 846 880 275 489 911 701 
541 961 661 653 892 228 745 994 327 243 339 162 949 540 263 490 996 633 617 74 950 347 558 20 843 756 901 118 245 812 172 786 125 833 792 17 414 537 363 741 132 55 903 433 947 519 276 943 504 893 369 454 593 927 474 436 683 727 906 928 539 78 67 16 264 859 34 678 748 749 771 880 156 675 665 103 546 941 399 50 187 768 856 780 696 330 568 379 58 474 660 949 905 727 966 169 586 352 199 334 
453 970 566 610 645 231 713 191 525 112 593 712 881 449 844 929 132 764 308 190 238 320 491 143 47 809 664 985 161 863 319 967 186 237 577 183 469 642 727 994 107 320 58 988 122 254 269 254 18 577 444 608 898 287 752 297 97 768 283 610 984 954 577 170 192 506 705 13 149 432 359 256 753 417 596 875 23 865 481 41 794 925 649 44 212 753 342 661 874 977 272 858 931 849 380 475 356 85 488 857 
518 847 113 623 616 61 850 639 926 331 32 72 608 34 117 172 787 811 834 661 788 106 871 719 307 251 195 15 689 35 872 559 883 337 182 851 398 384 843 676 715 875 101 675 909 218 847 49 29 681 710 169 139 934 888 799 537 435 814 226 823 39 785 706 376 319 909 127 703 752 155 770 980 256 445 889 826 293 938 207 326 1 376 818 935 617 969 472 404 783 51 227 174 188 933 551 508 195 30 563 
947 185 334 927 442 131 169 268 776 459 476 103 460 204 273 747 821 242 572 226 377 975 453 552 163 739 455 671 934 485 235 233 22 921 513 816 52 682 437 829 141 265 284 954 469 557 53 291 151 625 869 880 952 674 784 116 413 591 787 699 428 374 933 451 295 446 267 700 480 704 529 973 321 813 927 791 722 981 434 225 958 655 457 911 329 242 27 743 185 166 794 614 893 79 65 540 877 684 240 357 
741 121 331 62 286 610 205 360 943 639 585 902 646 395 165 976 989 544 71 174 62 865 788 307 945 205 848 822 890 440 532 631 562 215 45 200 825 251 561 769 242 498 23 889 893 540 865 882 84 288 409 498 153 197 806 450 403 6 625 645 446 157 276 360 372 673 561 549 924 122 670 167 620 693 408 866 585 273 100 21 913 509 520 418 59 678 869 814 684 846 811 130 355 439 491 727 112 52 628 37 
526 299 204 498 344 964 716 930 237 817 303 502 678 823 920 89 501 141 903 537 987 714 668 342 153 511 421 266 915 50 655 441 701 211 291 45 175 8 327 764 825 631 266 855 806 186 945 660 680 200 197 667 267 865 10 772 728 783 390 643 833 45 436 886 608 728 932 783 736 611 547 913 594 165 120 401 704 65 413 384 618 610 51 885 828 413 9 556 197 400 552 382 797 988 269 406 716 553 189 804 
164 89 69 759 254 542 512 958 959 925 342 577 535 746 462 715 159 472 624 708 224 176 91 21 164 360 427 233 913 969 389 429 58 811 188 312 353 52 623 312 977 317 890 865 63 704 580 575 528 204 283 752 732 374 126 897 86 553 482 351 522 871 781 932 682 321 597 387 374 220 700 703 537 942 568 953 998 501 880 527 57 163 631 790 890 109 39 976 15 521 680 537 744 461 822 779 782 419 166 508 
639 218 212 528 512 132 833 511 633 713 390 43 877 373 185 119 483 224 447 498 97 127 387 841 940 209 972 723 628 139 583 619 709 147 148 222 280 981 733 265 695 123 660 924 496 845 43 331 421 490 829 518 970 569 712 910 778 684 985 407 175 569 26 885 68 526 107 348 860 840 966 555 315 626 831 163 472 226 495 893 68 676 764 38 245 828 301 24 864 286 783 40 207 161 277 276 688 384 624 548 
576 590 455 243 217 286 406 41 864 253 286 932 930 402 971 175 230 272 551 95 910 334 487 118 496 764 394 536 500 370 436 428 313 891 671 882 529 77 275 393 683 561 677 613 964 0 788 546 272 340 993 535 26 480 653 874 596 399 410 448 121 846 876 786 89 899 668 970 329 295 715 12 857 393 625 173 393 765 719 18 105 713 553 484 545 558 358 142 309 121 942 782 319 819 569 409 70 589 731 399 
885 447 411 94 840 388 267 585 154 986 603 611 699 508 95 245 418 454 739 727 927 681 510 246 852 431 655 275 372 739 674 257 186 438 351 378 826 970 963 980 957 919 944 8 779 39 605 198 845 344 277 772 378 139 19 582 570 26 857 943 765 884 552 303 322 256 33 148 226 349 481 183 268 425 544 399 464 149 597 662 846 875 786 224 366 805 158 937 184 16 232 301 900 784 957 574 392 990 722 619 
339 203 154 959 980 698 359 797 200 308 459 46 183 245 622 902 403 780 839 587 148 423 240 400 559 197 974 952 188 697 571 527 252 77 839 585 128 198 382 328 506 193 374 42 438 348 944 193 128 135 132 277 558 373 677 117 570 4 69 110 53 992 990 305 422 829 242 550 379 624 230 237 817 956 631 608 304 927 801 432 62 286 61 972 659 91 442 581 95 863 44 148 208 34 805 630 215 48 532 594 
24 762 183 194 718 815 802 22 742 955 806 157 241 868 481 252 311 923 186 758 139 230 906 347 264 63 329 831 463 861 425 488 623 960 682 341 775 836 715 870 791 521 379 385 741 212 989 404 488 175 162 627 405 420 974 21 836 303 852 299 516 629 787 139 590 821 832 717 657 547 939 801 420 670 538 514 883 527 918 371 703 433 350 460 853 676 482 689 331 686 341 847 316 480 986 258 302 170 975 311 
69 267 464 489 937 2 355 172 530 626 895 585 59 245 45 264 921 879 306 604 566 647 451 234 127 789 492 781 959 819 445 28 86 909 870 376 912 225 900 794 203 796 731 614 393 128 879 315 360 537 271 926 536 723 160 15 512 4 797 472 823 242 852 910 503 722 638 415 300 538 561 855 334 644 470 80 773 701 747 133 238 18 411 774 741 923 789 254 927 938 78 750 532 282 12 36 357 650 803 9 
541 717 864 227 361 334 307 486 35 54 619 625 73 382 751 814 305 893 420 232 183 850 335 716 485 347 104 842 350 259 851 891 976 67 118 690 754 778 176 141 832 148 767 905 530 518 72 188 763 844 420 947 695 107 663 532 455 119 374 157 378 577 48 707 644 518 397 750 296 925 892 481 425 11 738 308 881 810 496 645 655 268 592 702 376 607 586 183 726 960 340 456 889 740 515 885 258 912 636 907 
190 528 740 615 539 478 275 420 289 771 65 296 40 9 350 768 616 936 951 694 248 291 151 137 383 666 22 641 931 658 900 473 538 640 440 429 471 716 850 760 487 267 408 879 629 110 647 245 46 950 940 646 593 443 783 976 461 157 970 744 816 870 217 706 863 658 136 334 726 338 446 213 605 206 445 234 316 444 832 714 395 124 360 988 919 143 965 380 300 935 125 468 157 694 175 372 704 311 58 430 
649 856 996 606 62 441 193 378 885 377 92 280 501 804 621 420 947 586 152 600 873 629 420 382 324 947 107 28 610 165 459 611 22 455 218 84 248 763 815 133 140 259 766 993 64 739 765 363 677 269 315 550 899 736 284 223 683 391 603 646 557 414 257 931 869 827 15 469 590 182 603 82 442 721 427 506 460 192 869 137 462 185 39 713 273 323 936 308 715 891 954 624 306 212 555 527 39 922 997 982 
457 600 64 899 673 492 405 133 36 626 622 850 163 661 563 436 984 499 745 51 743 699 27 49 911 934 576 951 209 573 933 666 525 349 917 198 193 674 683 230 300 305 80 464 966 644 252 303 495 997 706 238 697 734 287 960 668 216 263 229 789 548 895 315 898 812 865 91 838 549 673 139 854 754 955 173 750 207 476 245 557 182 836 254 268 475 566 937 691 830 518 833 730 414 500 628 578 365 72 769 
914 97 908 121 203 215 294 953 774 770 551 331 304 739 937 573 214 504 862 258 686 380 91 416 146 591 397 77 956 821 846 223 918 106 344 122 673 638 427 447 760 978 779 416 69 68 989 284 572 851 542 610 584 985 27 730 928 776 159 884 597 5 459 515 463 803 989 136 793 417 584 905 747 715 322 817 783 311 453 708 515 347 318 99 332 345 181 612 121 341 496 70 698 308 938 162 111 927 298 257 
696 234 162 796 949 484 965 733 148 770 441 663 117 111 114 801 457 295 413 930 988 261 1 687 569 291 201 33 570 851 290 267 86 804 415 387 641 732 472 789 502 913 804 971 377 918 772 834 565 537 116 554 798 469 593 720 760 794 753 331 645 395 950 83 551 717 471 192 449 943 981 303 209 137 274 586 407 398 420 973 935 888 879 85 710 472 805 470 618 910 153 263 657 455 347 209 172 170 753 973 
113 87 276 322 224 902 908 632 300 680 957 235 569 836 673 279 660 830 101 630 93 607 245 750 62 592 311 587 114 417 560 228 504 189 550 80 91 459 64 744 139 21 979 60 209 4 691 221 835 145 851 928 752 97 30 814 41 694 753 156 463 314 384 967 855 286 399 298 745 464 42 237 837 374 649 399 378 341 620 565 838 472 493 590 921 876 756 962 922 510 470 385 176 854 704 383 141 103 681 238 
919 724 827 109 98 477 508 476 170 480 42 8 304 887 950 225 115 58 540 37 568 10 422 96 865 478 479 358 582 161 948 853 237 776 962 335 253 822 163 775 303 557 783 607 445 85 833 912 143 373 950 64 383 724 160 600 203 992 310 137 505 259 342 742 387 305 429 640 127 592 767 782 150 550 390 947 987 223 859 130 948 161 194 683 238 707 636 793 51 298 282 556 557 624 650 944 281 79 936 761 
23 703 543 173 605 933 472 592 508 684 75 808 197 621 844 435 328 480 580 379 778 862 287 688 839 937 984 120 368 921 233 392 976 777 917 582 62 742 526 923 426 601 731 623 575 575 411 903 407 991 635 538 206 274 226 45 564 210 517 932 483 751 676 460 880 594 394 294 336 920 217 114 874 301 89 449 228 852 704 988 196 691 526 402 966 752 799 530 314 316 814 798 419 843 610 651 437 4 946 125 
924 515 591 150 816 32 951 397 885 8 385 81 699 263 483 17 367 634 899 681 950 714 831 722 909 441 373 698 445 671 823 722 187 766 224 355 798 528 752 35 536 489 116 587 752 951 605 119 585 504 153 888 570 984 962 479 778 335 177 575 359 352 297 546 470 874 253 621 402 358 656 938 847 773 877 952 724 482 423 662 339 928 902 909 265 864 741 43 551 270 618 910 623 268 808 445 494 62 66 896 
772 723 186 971 496 63 923 572 898 699 586 237 627 488 146 892 352 239 287 904 510 258 166 485 878 975 930 372 389 997 620 161 72 158 132 568 573 408 492 471 107 79 60 86 919 559 331 272 798 618 528 660 228 46 145 106 373 428 830 762 425 802 275 497 960 408 417 886 168 261 709 275 692 770 713 612 329 44 236 479 15 116 140 243 162 285 702 536 713 532 650 490 335 926 339 647 686 108 533 854 
370 243 481 414 13 194 26 694 591 614 173 606 730 665 201 245 303 903 133 16 788 783 859 475 61 550 122 747 659 8 953 381 251 434 795 616 981 174 662 924 788 835 882 871 853 83 116 156 339 249 524 479 384 383 954 798 286 428 897 945 436 851 678 687 637 825 655 970 999 317 894 788 505 776 11 358 212 127 514 551 728 38 382 464 774 336 262 412 764 160 709 201 363 387 240 0 212 896 971 564 
213 217 704 718 994 715 76 206 842 942 109 922 333 491 386 459 827 1 871 943 513 580 144 876 319 737 876 531 633 199 447 846 417 151 917 763 866 993 969 60 288 430 982 621 921 721 432 100 74 303 43 587 235 540 463 554 277 691 437 262 891 885 108 660 36 25 423 255 371 744 315 11 174 650 984 95 723 416 195 797 71 590 384 306 482 199 212 111 890 649 373 133 886 482 793 275 859 568 530 582 
312 197 945 486 847 929 581 922 345 128 719 768 71 455 426 553 654 638 665 897 640 38 30 526 872 176 801 84 744 683 18 57 881 964 543 80 893 477 3 591 957 74 359 28 882 786 582 888 776 599 785 416 637 168 943 862 344 96 946 88 780 316 497 13 280 393 93 174 870 96 765 827 523 476 208 405 262 142 293 39 741 79 807 730 247 102 592 943 199 890 383 331 207 881 344 487 626 437 13 496 
886 130 675 409 607 235 814 221 377 107 612 118 538 420 849 137 522 793 80 73 36 464 404 595 697 748 434 675 538 800 523 424 930 198 185 537 786 999 111 163 458 723 282 349 495 483 486 18 628 919 91 16 735 848 611 432 596 398 107 486 198 630 262 128 180 447 18 966 798 129 482 609 204 116 958 700 599 444 70 579 363 161 596 98 9 559 882 958 957 341 796 155 323 59 636 856 858 654 174 657 
135 656 266 339 772 224 391 723 20 461 303 736 975 251 186 336 810 69 646 768 762 443 275 438 854 911 294 712 565 820 721 700 829 339 392 601 915 135 677 936 597 332 672 572 583 858 260 393 279 907 513 394 350 789 832 556 700 478 268 618 298 990 670 127 329 62 81 245 198 110 533 147 442 557 71 25 767 331 770 399 590 284 793 940 73 625 496 125 455 117 743 753 459 414 233 140 828 666 737 378 
776 270 525 218 179 948 595 947 632 365 346 222 649 139 163 74 116 11 200 571 480 943 676 939 357 261 80 186 927 817 564 55 440 442 273 619 390 868 566 22 586 264 597 235 755 112 662 871 123 862 794 956 157 823 895 867 84 327 405 364 497 321 419 937 763 45 908 506 913 827 880 851 91 477 87 847 589 101 70 65 315 217 373 472 40 620 339 476 948 96 840 797 418 260 86 533 657 994 39 570 
821 272 422 913 101 861 112 43 962 182 460 277 399 833 101 791 453 793 268 753 889 460 550 307 72 636 841 729 631 232 652 804 856 74 69 958 287 181 353 601 716 813 230 115 998 683 259 803 476 527 557 366 339 107 25 412 96 218 141 79 451 793 883 659 219 953 969 858 134 322 459 850 487 41 318 837 725 929 641 201 808 198 919 147 657 945 559 105 163 53 184 966 198 68 626 418 21 595 276 507 
270 88 358 109 129 28 947 206 957 588 408 765 138 679 264 147 624 176 253 140 229 437 106 427 505 84 197 878 32 474 386 654 914 96 763 395 476 710 602 433 650 10 550 140 41 166 288 666 342 893 158 571 330 616 351 188 701 548 66 85 374 452 739 288 900 502 684 376 565 286 161 567 648 63 708 689 230 348 707 572 241 865 496 923 482 847 111 535 395 178 620 770 982 711 58 235 565 94 611 482 
732 773 50 380 836 110 422 66 810 481 991 51 347 487 974 181 334 438 68 729 968 40 851 950 751 262 185 316 356 149 151 89 922 201 821 110 663 595 529 473 77 520 876 776 7 202 309 341 640 377 422 608 417 274 911 520 536 448 188 892 597 339 333 871 892 155 982 555 750 511 380 179 383 256 955 390 811 264 731 451 993 153 412 762 779 323 282 315 123 471 560 721 162 893 944 55 400 926 962 503 
789 695 682 172 303 990 914 114 606 997 566 600 151 330 362 282 653 997 598 776 820 158 849 982 403 794 389 804 72 704 659 214 399 341 738 702 331 653 817 290 650 735 890 153 65 604 436 70 601 386 198 773 896 48 108 299 194 497 455 266 553 114 832 952 808 571 7 491 224 176 781 226 911 23 380 328 628 168 750 581 554 948 355 450 348 463 101 542 312 557 161 866 23 993 170 831 916 177 675 492 
353 456 719 616 480 451 296 460 619 46 41 525 995 748 327 343 563 428 238 876 337 399 94 361 744 616 544 661 794 219 505 499 28 224 468 860 675 764 320 646 811 713 171 806 814 498 501 377 279 739 605 616 490 51 329 587 668 226 600 814 797 105 665 825 330 133 37 357 898 709 356 61 775 879 219 589 378 720 318 9 812 276 625 654 327 307 241 995 533 841 161 682 299 827 508 981 960 897 338 210 
607 694 271 734 926 490 323 656 563 993 665 375 269 642 381 597 949 975 944 834 168 106 517 467 933 377 448 245 274 787 456 233 833 79 319 759 570 994 415 485 988 432 212 609 75 593 206 376 568 503 563 737 961 80 204 246 809 653 491 435 792 299 21 977 379 340 89 301 335 856 786 323 289 998 932 716 591 491 92 512 346 655 249 307 87 805 553 896 810 396 684 954 696 705 284 75 45 373 376 380 
581 514 55 222 512 340 938 455 831 383 967 529 390 216 836 830 374 741 78 184 489 762 139 185 467 423 612 865 148 340 597 81 854 653 304 718 993 594 174 176 977 141 705 720 710 893 550 84 986 980 620 475 743 111 13 562 534 977 779 34 318 377 116 524 30 420 243 375 366 769 551 344 910 608 416 972 501 318 408 487 298 29 314 393 140 327 308 27 305 87 61 975 816 529 499 198 301 94 573 668 
863 476 364 126 84 780 450 585 450 859 424 100 888 739 846 380 66 154 407 723 593 821 698 410 702 550 608 4 996 534 672 212 10 388 690 95 520 140 32 970 999 809 422 239 548 268 620 966 774 27 42 368 200 740 130 903 642 90 259 639 976 283 851 987 671 893 434 191 33 818 513 33 627 935 624 527 204 244 846 330 624 888 698 824 980 180 79 975 623 338 614 599 621 817 938 644 62 372 187 95 
543 700 480 170 988 105 50 544 349 896 874 325 136 925 150 468 457 581 443 80 272 409 32 245 578 970 890 640 695 77 736 238 130 568 760 470 673 810 14 375 58 240 700 194 165 202 663 975 784 458 55 56 868 87 301 798 410 543 439 105 973 527 695 103 95 455 573 121 618 939 496 676 531 196 871 697 399 886 672 535 344 79 943 564 519 596 363 281 140 154 738 113 33 433 568 128 240 493 601 858 
784 97 535 315 646 758 364 45 644 388 932 340 820 875 257 339 823 620 620 963 126 358 428 159 143 348 639 383 841 241 594 977 690 129 293 336 239 657 733 235 398 665 575 218 892 832 557 716 804 529 31 282 239 460 441 382 160 81 117 2 674 711 331 364 840 624 53 431 634 786 666 32 804 594 602 696 778 159 764 583 40 796 865 279 608 659 661 120 92 130 122 766 842 806 482 34 430 535 466 416 
674 132 448 478 726 50 526 505 561 291 440 953 439 657 232 399 668 245 519 760 376 994 878 218 800 361 604 582 248 70 999 922 555 447 752 281 850 279 138 763 922 930 717 713 940 949 464 608 547 983 369 275 329 599 493 129 312 97 712 561 520 63 835 75 862 588 708 712 219 199 476 493 129 545 206 69 846 670 678 393 5 399 668 335 998 513 816 311 963 880 224 835 943 59 910 806 999 970 870 570 
169 698 63 651 243 621 72 90 291 750 835 649 501 856 984 500 721 152 163 36 33 739 871 976 150 133 134 150 456 5 72 625 703 136 276 947 109 349 389 753 451 576 402 305 432 738 157 506 890 320 542 923 411 766 252 561 899 386 711 355 743 136 333 447 624 961 746 733 662 135 486 466 711 240 771 496 978 280 2 869 600 896 144 363 662 396 924 914 135 988 621 878 124 306 325 748 268 423 481 282 
910 320 100 622 560 871 470 539 151 824 760 103 720 904 466 735 653 391 1 788 379 974 18 855 281 696 603 901 119 436 535 30 756 636 4 669 507 826 560 11 650 320 466 722 576 285 809 229 28 810 369 759 785 740 614 418 436 217 319 907 5 854 937 114 842 293 783 702 119 343 713 121 663 531 844 591 816 653 821 844 464 542 955 601 282 569 19 718 138 690 626 144 896 915 258 739 209 41 441 680 
736 154 802 751 37 646 342 206 651 163 50 467 706 6 68 340 927 439 59 66 129 37 210 26 952 468 765 513 861 206 194 597 712 348 348 749 346 690 955 997 206 358 465 264 716 885 604 995 325 663 61 454 52 271 832 357 91 597 870 952 155 416 901 219 764 249 321 110 292 628 460 498 986 925 762 54 810 366 402 487 382 463 942 434 87 774 791 530 724 14 835 879 430 736 99 547 986 420 9 630 
48 469 128 387 746 890 793 909 608 195 396 990 11 338 777 98 465 568 628 189 934 463 420 365 552 871 264 890 643 625 520 44 95 648 783 193 890 576 102 498 124 499 489 135 189 266 585 6 186 565 547 121 381 968 838 933 191 102 823 835 727 695 231 174 343 14 720 233 590 822 731 66 673 572 553 215 838 490 221 377 56 769 498 789 89 336 74 280 790 249 467 869 944 698 396 287 712 116 520 655 
290 603 721 964 176 627 179 366 117 752 95 525 521 593 666 610 281 740 243 423 989 710 293 933 409 41 220 121 157 92 128 447 48 850 763 576 829 294 294 298 47 390 824 568 983 490 531 617 583 774 40 572 484 333 506 245 374 78 367 883 523 495 683 571 697 446 147 878 741 793 177 140 183 353 708 519 195 591 136 778 365 176 351 202 862 209 447 588 287 166 472 810 14 507 733 711 953 232 942 46 
26 119 186 209 472 247 728 667 838 216 446 204 393 149 758 607 358 205 195 997 372 19 160 386 526 893 449 832 478 391 230 504 510 417 65 334 664 146 354 854 362 152 58 107 301 168 66 11 374 614 8 98 633 168 484 512 414 285 696 892 29 926 396 891 695 813 226 359 959 580 214 674 732 624 133 385 793 200 396 519 814 756 617 799 925 453 663 339 90 359 583 119 638 331 11 333 144 589 45 456 
169 611 482 253 235 615 990 380 167 386 251 333 142 220 485 419 673 148 110 116 860 693 235 498 376 598 831 521 187 876 329 708 487 811 313 75 778 303 807 298 41 59 631 536 631 116 955 657 617 418 773 477 463 360 327 840 959 158 713 146 387 394 855 874 205 168 301 335 824 461 985 865 872 969 401 503 437 709 160 54 127 933 883 590 294 210 782 605 369 847 751 108 241 958 334 798 479 636 134 303 
97 471 168 969 440 922 472 878 631 985 932 758 270 816 700 564 378 835 169 747 682 273 207 924 583 542 722 62 178 208 365 627 680 886 948 120 808 420 998 791 757 283 549 28 451 601 944 829 436 466 929 119 739 136 395 322 678 117 737 208 326 454 835 358 340 783 478 500 556 829 291 665 464 192 693 915 146 638 96 934 104 377 53 195 514 800 517 544 918 606 105 596 61 292 954 753 428 432 606 336 
613 249 1 77 794 695 344 940 685 793 874 789 170 280 984 36 80 853 933 998 812 38 946 873 682 900 626 110 685 584 446 298 834 800 728 628 495 72 568 532 865 794 321 388 74 657 424 155 862 357 505 674 747 452 899 430 352 878 540 389 462 339 688 296 139 768 924 986 192 844 518 410 639 191 798 713 200 574 220 62 932 78 89 679 530 988 109 234 866 2 624 681 341 664 977 832 784 254 170 976 
98 688 738 737 231 536 803 431 111 375 845 395 453 286 426 983 275 536 570 493 890 546 174 583 562 504 415 346 758 937 674 856 625 413 946 208 301 749 639 764 124 836 159 930 123 586 265 750 474 835 595 716 733 122 299 295 626 66 993 384 3 20 592 980 433 538 188 86 639 179 851 116 367 362 46 842 300 311 592 126 499 540 842 232 662 141 880 288 559 225 24 914 245 968 894 30 859 434 117 850 
965 320 318 685 34 364 527 335 28 120 461 879 660 304 463 674 797 343 314 709 921 690 623 166 658 870 549 869 656 18 720 974 338 38 659 724 755 186 59 135 658 873 14 670 529 477 696 678 173 10 387 446 700 363 612 359 585 513 228 241 531 300 215 221 339 226 946 446 765 5 581 423 230 595 446 759 424 142 438 949 153 177 395 205 540 360 916 125 873 497 719 405 797 934 626 488 513 572 934 278 
930 515 701 512 110 499 272 887 994 710 836 147 239 232 704 780 592 621 257 817 118 976 222 915 263 201 404 776 125 338 54 407 854 107 920 316 607 192 555 601 254 392 100 493 976 804 625 920 777 883 737 895 211 312 163 474 513 567 250 990 257 304 398 463 764 670 132 371 214 687 324 820 431 776 313 407 932 291 327 710 526 417 605 737 729 768 212 594 687 462 936 297 119 686 112 883 356 244 606 570 
284 930 390 715 58 56 123 990 699 802 700 225 571 306 962 652 426 174 246 466 989 535 115 460 221 227 695 930 824 301 852 108 583 595 823 641 651 298 631 702 453 332 927 24 990 889 677 768 416 275 234 757 810 349 569 32 929 264 314 753 565 166 861 148 761 36 789 764 335 420 466 788 104 393 164 94 635 841 215 403 117 449 512 927 151 81 311 80 345 625 185 910 144 46 58 905 82 199 670 769 
971 488 909 428 882 74 522 869 915 737 624 384 539 136 312 42 217 975 474 562 953 659 472 97 705 882 354 139 433 376 261 404 865 522 184 99 596 707 320 864 796 944 248 687 80 912 729 297 240 203 859 193 862 683 642 919 917 348 411 350 725 24 106 590 546 291 41 495 350 361 359 498 305 959 186 737 224 267 34 464 823 245 9 37 928 3 309 845 351 720 547 76 744 653 18 642 296 59 137 646 
772 496 145 429 808 683 166 32 950 200 496 125 797 857 163 725 860 472 922 211 544 469 288 640 475 658 282 771 718 420 418 842 268 915 272 76 598 790 108 900 343 956 26 140 813 541 866 25 365 140 237 909 962 877 901 437 535 183 208 605 955 978 448 224 893 72 300 843 862 761 744 205 69 122 346 235 15 564 260 380 56 497 641 18 726 542 455 262 77 16 867 33 994 667 609 888 91 261 731 954 
22 827 511 444 301 209 679 316 125 939 48 182 789 689 200 515 583 656 129 13 672 349 398 18 368 7 906 460 268 990 766 643 817 277 87 119 839 766 435 964 57 836 146 846 877 699 714 461 355 195 826 379 544 224 397 913 583 656 725 851 646 491 494 815 120 933 934 959 699 722 924 757 558 422 955 435 121 21 248 828 217 426 559 761 650 309 26 233 965 751 437 963 242 283 778 715 217 65 674 916 
139 950 25 49 725 333 836 846 354 437 27 571 863 586 333 866 895 711 451 212 463 888 175 57 172 306 124 741 723 151 657 214 101 35 263 178 368 451 25 722 888 52 294 104 990 979 970 886 42 773 450 857 662 978 267 186 636 391 279 359 542 288 573 996 323 188 174 43 639 551 766 880 603 412 984 946 743 306 184 785 79 634 643 93 612 910 631 248 301 910 959 196 199 884 192 874 72 366 918 64 
918 684 296 873 448 280 819 191 938 355 976 17 990 971 463 954 233 94 555 887 357 866 83 556 751 275 430 175 993 700 591 911 384 887 137 832 519 308 375 457 664 704 475 6 675 290 312 261 384 219 148 741 86 231 649 189 858 432 364 851 132 956 115 517 195 252 701 715 912 429 172 576 133 999 934 160 289 599 421 26 818 569 767 256 152 417 445 10 849 810 862 981 118 977 850 313 581 904 380 493 
333 553 422 466 904 708 978 194 307 400 220 478 321 339 734 474 108 180 484 309 342 698 643 460 27 493 125 608 749 506 454 82 59 228 900 315 288 231 509 948 631 81 426 304 773 160 778 881 692 615 191 34 313 834 494 341 679 972 301 429 478 107 863 889 687 116 204 976 347 66 924 330 499 350 634 272 862 413 154 555 28 697 589 693 531 436 34 562 408 688 991 238 795 207 127 483 323 683 811 22 
749 735 352 249 437 986 873 299 399 27 854 779 724 796 473 607 232 859 170 992 547 513 230 695 72 709 530 395 392 341 769 494 428 121 95 865 108 968 516 859 996 723 991 72 519 464 680 103 675 202 95 575 715 677 270 788 386 152 535 778 845 305 624 273 778 719 490 886 688 6 98 36 81 89 460 600 553 140 55 580 694 150 155 410 827 425 550 565 929 85 344 774 742 320 399 521 40 241 759 80 
248 857 468 329 946 928 282 851 421 337 432 115 840 587 877 19 365 427 585 646 865 281 421 959 601 172 480 993 414 240 73 14 449 893 695 748 822 977 599 595 667 383 62 507 323 940 878 688 719 463 334 936 96 107 896 698 280 376 691 46 968 117 60 418 10 755 166 184 85 117 779 752 501 194 611 176 134 489 864 205 305 550 142 401 10 38 99 642 414 143 688 735 612 100 153 622 855 671 159 940 
788 290 44 641 484 655 817 618 145 33 176 802 936 318 203 946 356 303 940 122 798 628 857 410 728 362 384 935 33 543 228 174 834 272 815 318 928 985 289 425 370 465 227 306 783 430 604 491 85 544 613 883 524 471 645 604 833 30 540 219 573 768 393 759 392 560 78 672 897 719 449 268 536 676 574 319 459 179 162 896 75 775 132 600 598 777 556 432 807 448 3 733 568 396 492 961 308 922 633 206 
641 83 474 177 111 48 848 922 579 10 819 655 786 951 607 384 80 163 168 240 612 171 973 180 919 817 493 228 740 127 786 733 562 260 911 673 660 111 596 240 122 767 247 260 718 206 996 150 721 517 390 333 40 715 866 960 885 359 540 625 838 326 710 400 938 973 74 598 85 22 190 559 789 789 171 859 995 167 9 717 36 752 402 77 819 620 37 704 980 929 681 170 607 392 571 545 365 997 495 802 
19 686 361 160 475 532 19 823 52 380 540 88 484 942 165 304 563 554 360 895 835 394 417 442 138 340 987 855 337 483 658 708 521 371 220 348 256 239 171 660 972 711 748 456 6 266 112 921 172 473 168 8 219 585 802 357 926 142 212 615 977 222 676 498 946 896 846 202 488 18 862 460 81 962 916 87 580 381 8 105 854 176 465 73 114 267 782 40 409 346 7 738 569 683 236 515 932 435 69 772 
805 931 232 886 245 500 974 826 881 334 283 87 511 748 512 977 15 294 369 777 641 376 515 562 412 104 77 696 539 146 468 344 429 52 230 26 904 556 204 786 891 487 225 754 235 738 731 603 384 100 732 377 828 247 939 240 703 368 936 594 866 756 938 647 808 521 674 713 429 878 851 672 718 76 426 953 166 509 908 903 961 640 280 142 240 572 382 943 292 671 538 511 779 828 158 588 701 184 653 131 
415 504 803 133 932 582 438 99 443 347 2 757 339 634 899 579 558 633 523 851 304 413 362 84 241 872 24 295 57 677 426 824 533 581 309 465 163 747 916 959 446 270 716 786 905 615 365 463 248 240 666 905 5 28 341 599 253 365 894 662 394 320 486 927 253 795 744 769 894 661 728 341 931 444 479 188 411 196 652 659 789 670 916 794 51 257 393 304 974 287 966 368 959 804 647 565 599 392 334 493 
405 414 186 336 858 665 877 621 862 529 632 3 551 549 797 602 806 543 906 133 182 872 853 494 676 853 59 627 597 745 473 2 159 659 690 369 677 567 990 891 448 622 894 0 171 43 602 330 586 509 815 769 733 668 263 762 521 674 741 470 419 214 472 578 226 515 299 255 82 289 146 531 263 392 883 787 435 485 469 374 346 284 495 432 304 110 194 178 784 935 648 555 502 121 485 728 636 784 983 70 
425 481 601 688 225 836 475 12 322 944 386 20 228 233 452 533 343 998 711 479 286 359 34 788 832 871 868 820 655 203 891 80 36 844 121 261 681 596 273 355 541 12 375 121 245 180 654 941 530 717 420 816 429 807 956 261 678 824 434 686 27 325 118 415 521 239 676 202 188 302 909 729 314 637 850 911 817 857 852 347 926 625 516 355 784 472 969 814 297 403 852 676 80 971 92 601 562 120 156 750 
422 65 831 88 702 34 0 871 243 204 571 169 181 87 877 965 559 846 780 208 601 984 237 33 955 681 986 870 801 142 972 224 560 804 312 614 190 664 838 433 221 409 602 402 848 479 720 759 677 852 968 630 836 557 15 144 238 2 14 39 496 338 263 408 494 928 375 684 944 213 117 165 974 72 568 822 903 640 581 933 492 901 563 328 458 931 472 48 933 838 88 781 177 703 542 671 631 917 708 576 
130 825 93 104 249 13 278 153 653 211 86 145 113 1 474 923 932 298 972 217 137 60 351 666 115 893 689 99 810 397 27 292 223 120 748 824 134 26 977 787 237 415 285 702 417 759 978 701 409 950 271 898 362 622 564 477 867 606 576 29 3 955 321 578 76 69 403 210 447 380 349 36 796 634 739 565 745 69 266 155 19 889 405 733 511 970 562 378 576 491 407 931 446 80 510 522 501 913 84 300 
645 786 337 793 420 428 358 518 497 977 673 868 866 430 601 730 400 163 460 328 6 220 260 453 300 122 327 154 35 764 454 32 550 791 826 322 219 184 840 68 513 865 936 380 296 537 462 48 53 922 729 59 142 341 864 795 463 544 949 850 308 403 882 858 547 708 532 118 245 373 187 758 238 123 490 886 13 952 935 66 227 16 477 369 357 694 164 820 238 465 22 546 869 904 756 768 965 288 886 562 
13 73 672 604 197 163 490 562 467 777 628 46 793 457 416 150 503 932 322 741 750 696 639 619 601 395 739 918 36 625 480 49 699 152 653 248 667 496 810 487 273 790 533 419 599 301 921 103 586 596 844 336 292 836 307 245 583 46 163 619 671 995 21 722 500 26 970 519 522 780 6 148 922 892 567 522 545 488 625 131 436 821 467 729 657 774 974 241 172 490 212 844 837 585 918 337 612 889 857 134 
21 215 282 944 107 201 466 653 42 91 784 478 912 604 559 922 730 534 515 903 376 79 99 213 665 17 551 277 258 760 763 280 975 46 576 435 599 42 88 641 485 224 472 749 828 31 671 911 917 186 166 293 266 617 859 283 634 762 560 245 522 323 877 849 721 453 284 321 495 372 314 332 949 786 81 129 170 753 40 87 291 206 733 909 823 592 192 810 706 104 407 228 780 284 429 853 89 714 526 584 
438 841 268 387 979 349 517 149 102 909 237 746 468 970 655 643 914 200 453 620 656 212 200 436 496 629 290 585 695 816 521 134 9 789 873 989 491 742 138 945 652 727 691 120 49 699 115 315 251 921 287 907 133 487 696 982 469 986 919 516 154 441 2 164 582 876 153 73 618 643 371 622 723 62 94 124 761 210 440 364 131 727 272 264 567 968 246 36 306 518 904 460 311 907 624 893 783 129 319 753 
Enter k:Enter x:
Final Matrix

43 587 235 540 463 554 277 691 437 262 891 885 108 660 36 25 423 255 371 744 315 11 174 650 984 95 723 416 195 797 71 590 384 306 482 199 212 111 890 649 373 133 886 482 793 275 859 568 530 582 213 217 704 718 994 715 76 206 842 942 109 922 333 491 386 459 827 1 871 943 513 580 144 876 319 737 876 531 633 199 447 846 417 151 917 763 866 993 969 60 288 430 982 621 921 721 432 100 74 303 
785 416 637 168 943 862 344 96 946 88 780 316 497 13 280 393 93 174 870 96 765 827 523 476 208 405 262 142 293 39 741 79 807 730 247 102 592 943 199 890 383 331 207 881 344 487 626 437 13 496 312 197 945 486 847 929 581 922 345 128 719 768 71 455 426 553 654 638 665 897 640 38 30 526 872 176 801 84 744 683 18 57 881 964 543 80 893 477 3 591 957 74 359 28 882 786 582 888 776 599 
91 16 735 848 611 432 596 398 107 486 198 630 262 128 180 447 18 966 798 129 482 609 204 116 958 700 599 444 70 579 363 161 596 98 9 559 882 958 957 341 796 155 323 59 636 856 858 654 174 657 886 130 675 409 607 235 814 221 377 107 612 118 538 420 849 137 522 793 80 73 36 464 404 595 697 748 434 675 538 800 523 424 930 198 185 537 786 999 111 163 458 723 282 349 495 483 486 18 628 919 
513 394 350 789 832 556 700 478 268 618 298 990 670 127 329 62 81 245 198 110 533 147 442 557 71 25 767 331 770 399 590 284 793 940 73 625 496 125 455 117 743 753 459 414 233 140 828 666 737 378 135 656 266 339 772 224 391 723 20 461 303 736 975 251 186 336 810 69 646 768 762 443 275 438 854 911 294 712 565 820 721 700 829 339 392 601 915 135 677 936 597 332 672 572 583 858 260 393 279 907 
794 956 157 823 895 867 84 327 405 364 497 321 419 937 763 45 908 506 913 827 880 851 91 477 87 847 589 101 70 65 315 217 373 472 40 620 339 476 948 96 840 797 418 260 86 533 657 994 39 570 776 270 525 218 179 948 595 947 632 365 346 222 649 139 163 74 116 11 200 571 480 943 676 939 357 261 80 186 927 817 564 55 440 442 273 619 390 868 566 22 586 264 597 235 755 112 662 871 123 862 
557 366 339 107 25 412 96 218 141 79 451 793 883 659 219 953 969 858 134 322 459 850 487 41 318 837 725 929 641 201 808 198 919 147 657 945 559 105 163 53 184 966 198 68 626 418 21 595 276 507 821 272 422 913 101 861 112 43 962 182 460 277 399 833 101 791 453 793 268 753 889 460 550 307 72 636 841 729 631 232 652 804 856 74 69 958 287 181 353 601 716 813 230 115 998 683 259 803 476 527 
158 571 330 616 351 188 701 548 66 85 374 452 739 288 900 502 684 376 565 286 161 567 648 63 708 689 230 348 707 572 241 865 496 923 482 847 111 535 395 178 620 770 982 711 58 235 565 94 611 482 270 88 358 109 129 28 947 206 957 588 408 765 138 679 264 147 624 176 253 140 229 437 106 427 505 84 197 878 32 474 386 654 914 96 763 395 476 710 602 433 650 10 550 140 41 166 288 666 342 893 
422 608 417 274 911 520 536 448 188 892 597 339 333 871 892 155 982 555 750 511 380 179 383 256 955 390 811 264 731 451 993 153 412 762 779 323 282 315 123 471 560 721 162 893 944 55 400 926 962 503 732 773 50 380 836 110 422 66 810 481 991 51 347 487 974 181 334 438 68 729 968 40 851 950 751 262 185 316 356 149 151 89 922 201 821 110 663 595 529 473 77 520 876 776 7 202 309 341 640 377 
198 773 896 48 108 299 194 497 455 266 553 114 832 952 808 571 7 491 224 176 781 226 911 23 380 328 628 168 750 581 554 948 355 450 348 463 101 542 312 557 161 866 23 993 170 831 916 177 675 492 789 695 682 172 303 990 914 114 606 997 566 600 151 330 362 282 653 997 598 776 820 158 849 982 403 794 389 804 72 704 659 214 399 341 738 702 331 653 817 290 650 735 890 153 65 604 436 70 601 386 
605 616 490 51 329 587 668 226 600 814 797 105 665 825 330 133 37 357 898 709 356 61 775 879 219 589 378 720 318 9 812 276 625 654 327 307 241 995 533 841 161 682 299 827 508 981 960 897 338 210 353 456 719 616 480 451 296 460 619 46 41 525 995 748 327 343 563 428 238 876 337 399 94 361 744 616 544 661 794 219 505 499 28 224 468 860 675 764 320 646 811 713 171 806 814 498 501 377 279 739 
563 737 961 80 204 246 809 653 491 435 792 299 21 977 379 340 89 301 335 856 786 323 289 998 932 716 591 491 92 512 346 655 249 307 87 805 553 896 810 396 684 954 696 705 284 75 45 373 376 380 607 694 271 734 926 490 323 656 563 993 665 375 269 642 381 597 949 975 944 834 168 106 517 467 933 377 448 245 274 787 456 233 833 79 319 759 570 994 415 485 988 432 212 609 75 593 206 376 568 503 
620 475 743 111 13 562 534 977 779 34 318 377 116 524 30 420 243 375 366 769 551 344 910 608 416 972 501 318 408 487 298 29 314 393 140 327 308 27 305 87 61 975 816 529 499 198 301 94 573 668 581 514 55 222 512 340 938 455 831 383 967 529 390 216 836 830 374 741 78 184 489 762 139 185 467 423 612 865 148 340 597 81 854 653 304 718 993 594 174 176 977 141 705 720 710 893 550 84 986 980 
42 368 200 740 130 903 642 90 259 639 976 283 851 987 671 893 434 191 33 818 513 33 627 935 624 527 204 244 846 330 624 888 698 824 980 180 79 975 623 338 614 599 621 817 938 644 62 372 187 95 863 476 364 126 84 780 450 585 450 859 424 100 888 739 846 380 66 154 407 723 593 821 698 410 702 550 608 4 996 534 672 212 10 388 690 95 520 140 32 970 999 809 422 239 548 268 620 966 774 27 
55 56 868 87 301 798 410 543 439 105 973 527 695 103 95 455 573 121 618 939 496 676 531 196 871 697 399 886 672 535 344 79 943 564 519 596 363 281 140 154 738 113 33 433 568 128 240 493 601 858 543 700 480 170 988 105 50 544 349 896 874 325 136 925 150 468 457 581 443 80 272 409 32 245 578 970 890 640 695 77 736 238 130 568 760 470 673 810 14 375 58 240 700 194 165 202 663 975 784 458 
31 282 239 460 441 382 160 81 117 2 674 711 331 364 840 624 53 431 634 786 666 32 804 594 602 696 778 159 764 583 40 796 865 279 608 659 661 120 92 130 122 766 842 806 482 34 430 535 466 416 784 97 535 315 646 758 364 45 644 388 932 340 820 875 257 339 823 620 620 963 126 358 428 159 143 348 639 383 841 241 594 977 690 129 293 336 239 657 733 235 398 665 575 218 892 832 557 716 804 529 
369 275 329 599 493 129 312 97 712 561 520 63 835 75 862 588 708 712 219 199 476 493 129 545 206 69 846 670 678 393 5 399 668 335 998 513 816 311 963 880 224 835 943 59 910 806 999 970 870 570 674 132 448 478 726 50 526 505 561 291 440 953 439 657 232 399 668 245 519 760 376 994 878 218 800 361 604 582 248 70 999 922 555 447 752 281 850 279 138 763 922 930 717 713 940 949 464 608 547 983 
542 923 411 766 252 561 899 386 711 355 743 136 333 447 624 961 746 733 662 135 486 466 711 240 771 496 978 280 2 869 600 896 144 363 662 396 924 914 135 988 621 878 124 306 325 748 268 423 481 282 169 698 63 651 243 621 72 90 291 750 835 649 501 856 984 500 721 152 163 36 33 739 871 976 150 133 134 150 456 5 72 625 703 136 276 947 109 349 389 753 451 576 402 305 432 738 157 506 890 320 
369 759 785 740 614 418 436 217 319 907 5 854 937 114 842 293 783 702 119 343 713 121 663 531 844 591 816 653 821 844 464 542 955 601 282 569 19 718 138 690 626 144 896 915 258 739 209 41 441 680 910 320 100 622 560 871 470 539 151 824 760 103 720 904 466 735 653 391 1 788 379 974 18 855 281 696 603 901 119 436 535 30 756 636 4 669 507 826 560 11 650 320 466 722 576 285 809 229 28 810 
61 454 52 271 832 357 91 597 870 952 155 416 901 219 764 249 321 110 292 628 460 498 986 925 762 54 810 366 402 487 382 463 942 434 87 774 791 530 724 14 835 879 430 736 99 547 986 420 9 630 736 154 802 751 37 646 342 206 651 163 50 467 706 6 68 340 927 439 59 66 129 37 210 26 952 468 765 513 861 206 194 597 712 348 348 749 346 690 955 997 206 358 465 264 716 885 604 995 325 663 
547 121 381 968 838 933 191 102 823 835 727 695 231 174 343 14 720 233 590 822 731 66 673 572 553 215 838 490 221 377 56 769 498 789 89 336 74 280 790 249 467 869 944 698 396 287 712 116 520 655 48 469 128 387 746 890 793 909 608 195 396 990 11 338 777 98 465 568 628 189 934 463 420 365 552 871 264 890 643 625 520 44 95 648 783 193 890 576 102 498 124 499 489 135 189 266 585 6 186 565 
40 572 484 333 506 245 374 78 367 883 523 495 683 571 697 446 147 878 741 793 177 140 183 353 708 519 195 591 136 778 365 176 351 202 862 209 447 588 287 166 472 810 14 507 733 711 953 232 942 46 290 603 721 964 176 627 179 366 117 752 95 525 521 593 666 610 281 740 243 423 989 710 293 933 409 41 220 121 157 92 128 447 48 850 763 576 829 294 294 298 47 390 824 568 983 490 531 617 583 774 
8 98 633 168 484 512 414 285 696 892 29 926 396 891 695 813 226 359 959 580 214 674 732 624 133 385 793 200 396 519 814 756 617 799 925 453 663 339 90 359 583 119 638 331 11 333 144 589 45 456 26 119 186 209 472 247 728 667 838 216 446 204 393 149 758 607 358 205 195 997 372 19 160 386 526 893 449 832 478 391 230 504 510 417 65 334 664 146 354 854 362 152 58 107 301 168 66 11 374 614 
773 477 463 360 327 840 959 158 713 146 387 394 855 874 205 168 301 335 824 461 985 865 872 969 401 503 437 709 160 54 127 933 883 590 294 210 782 605 369 847 751 108 241 958 334 798 479 636 134 303 169 611 482 253 235 615 990 380 167 386 251 333 142 220 485 419 673 148 110 116 860 693 235 498 376 598 831 521 187 876 329 708 487 811 313 75 778 303 807 298 41 59 631 536 631 116 955 657 617 418 
929 119 739 136 395 322 678 117 737 208 326 454 835 358 340 783 478 500 556 829 291 665 464 192 693 915 146 638 96 934 104 377 53 195 514 800 517 544 918 606 105 596 61 292 954 753 428 432 606 336 97 471 168 969 440 922 472 878 631 985 932 758 270 816 700 564 378 835 169 747 682 273 207 924 583 542 722 62 178 208 365 627 680 886 948 120 808 420 998 791 757 283 549 28 451 601 944 829 436 466 
505 674 747 452 899 430 352 878 540 389 462 339 688 296 139 768 924 986 192 844 518 410 639 191 798 713 200 574 220 62 932 78 89 679 530 988 109 234 866 2 624 681 341 664 977 832 784 254 170 976 613 249 1 77 794 695 344 940 685 793 874 789 170 280 984 36 80 853 933 998 812 38 946 873 682 900 626 110 685 584 446 298 834 800 728 628 495 72 568 532 865 794 321 388 74 657 424 155 862 357 
595 716 733 122 299 295 626 66 993 384 3 20 592 980 433 538 188 86 639 179 851 116 367 362 46 842 300 311 592 126 499 540 842 232 662 141 880 288 559 225 24 914 245 968 894 30 859 434 117 850 98 688 738 737 231 536 803 431 111 375 845 395 453 286 426 983 275 536 570 493 890 546 174 583 562 504 415 346 758 937 674 856 625 413 946 208 301 749 639 764 124 836 159 930 123 586 265 750 474 835 
387 446 700 363 612 359 585 513 228 241 531 300 215 221 339 226 946 446 765 5 581 423 230 595 446 759 424 142 438 949 153 177 395 205 540 360 916 125 873 497 719 405 797 934 626 488 513 572 934 278 965 320 318 685 34 364 527 335 28 120 461 879 660 304 463 674 797 343 314 709 921 690 623 166 658 870 549 869 656 18 720 974 338 38 659 724 755 186 59 135 658 873 14 670 529 477 696 678 173 10 
737 895 211 312 163 474 513 567 250 990 257 304 398 463 764 670 132 371 214 687 324 820 431 776 313 407 932 291 327 710 526 417 605 737 729 768 212 594 687 462 936 297 119 686 112 883 356 244 606 570 930 515 701 512 110 499 272 887 994 710 836 147 239 232 704 780 592 621 257 817 118 976 222 915 263 201 404 776 125 338 54 407 854 107 920 316 607 192 555 601 254 392 100 493 976 804 625 920 777 883 
234 757 810 349 569 32 929 264 314 753 565 166 861 148 761 36 789 764 335 420 466 788 104 393 164 94 635 841 215 403 117 449 512 927 151 81 311 80 345 625 185 910 144 46 58 905 82 199 670 769 284 930 390 715 58 56 123 990 699 802 700 225 571 306 962 652 426 174 246 466 989 535 115 460 221 227 695 930 824 301 852 108 583 595 823 641 651 298 631 702 453 332 927 24 990 889 677 768 416 275 
859 193 862 683 642 919 917 348 411 350 725 24 106 590 546 291 41 495 350 361 359 498 305 959 186 737 224 267 34 464 823 245 9 37 928 3 309 845 351 720 547 76 744 653 18 642 296 59 137 646 971 488 909 428 882 74 522 869 915 737 624 384 539 136 312 42 217 975 474 562 953 659 472 97 705 882 354 139 433 376 261 404 865 522 184 99 596 707 320 864 796 944 248 687 80 912 729 297 240 203 
237 909 962 877 901 437 535 183 208 605 955 978 448 224 893 72 300 843 862 761 744 205 69 122 346 235 15 564 260 380 56 497 641 18 726 542 455 262 77 16 867 33 994 667 609 888 91 261 731 954 772 496 145 429 808 683 166 32 950 200 496 125 797 857 163 725 860 472 922 211 544 469 288 640 475 658 282 771 718 420 418 842 268 915 272 76 598 790 108 900 343 956 26 140 813 541 866 25 365 140 
826 379 544 224 397 913 583 656 725 851 646 491 494 815 120 933 934 959 699 722 924 757 558 422 955 435 121 21 248 828 217 426 559 761 650 309 26 233 965 751 437 963 242 283 778 715 217 65 674 916 22 827 511 444 301 209 679 316 125 939 48 182 789 689 200 515 583 656 129 13 672 349 398 18 368 7 906 460 268 990 766 643 817 277 87 119 839 766 435 964 57 836 146 846 877 699 714 461 355 195 
450 857 662 978 267 186 636 391 279 359 542 288 573 996 323 188 174 43 639 551 766 880 603 412 984 946 743 306 184 785 79 634 643 93 612 910 631 248 301 910 959 196 199 884 192 874 72 366 918 64 139 950 25 49 725 333 836 846 354 437 27 571 863 586 333 866 895 711 451 212 463 888 175 57 172 306 124 741 723 151 657 214 101 35 263 178 368 451 25 722 888 52 294 104 990 979 970 886 42 773 
148 741 86 231 649 189 858 432 364 851 132 956 115 517 195 252 701 715 912 429 172 576 133 999 934 160 289 599 421 26 818 569 767 256 152 417 445 10 849 810 862 981 118 977 850 313 581 904 380 493 918 684 296 873 448 280 819 191 938 355 976 17 990 971 463 954 233 94 555 887 357 866 83 556 751 275 430 175 993 700 591 911 384 887 137 832 519 308 375 457 664 704 475 6 675 290 312 261 384 219 
191 34 313 834 494 341 679 972 301 429 478 107 863 889 687 116 204 976 347 66 924 330 499 350 634 272 862 413 154 555 28 697 589 693 531 436 34 562 408 688 991 238 795 207 127 483 323 683 811 22 333 553 422 466 904 708 978 194 307 400 220 478 321 339 734 474 108 180 484 309 342 698 643 460 27 493 125 608 749 506 454 82 59 228 900 315 288 231 509 948 631 81 426 304 773 160 778 881 692 615 
95 575 715 677 270 788 386 152 535 778 845 305 624 273 778 719 490 886 688 6 98 36 81 89 460 600 553 140 55 580 694 150 155 410 827 425 550 565 929 85 344 774 742 320 399 521 40 241 759 80 749 735 352 249 437 986 873 299 399 27 854 779 724 796 473 607 232 859 170 992 547 513 230 695 72 709 530 395 392 341 769 494 428 121 95 865 108 968 516 859 996 723 991 72 519 464 680 103 675 202 
334 936 96 107 896 698 280 376 691 46 968 117 60 418 10 755 166 184 85 117 779 752 501 194 611 176 134 489 864 205 305 550 142 401 10 38 99 642 414 143 688 735 612 100 153 622 855 671 159 940 248 857 468 329 946 928 282 851 421 337 432 115 840 587 877 19 365 427 585 646 865 281 421 959 601 172 480 993 414 240 73 14 449 893 695 748 822 977 599 595 667 383 62 507 323 940 878 688 719 463 
613 883 524 471 645 604 833 30 540 219 573 768 393 759 392 560 78 672 897 719 449 268 536 676 574 319 459 179 162 896 75 775 132 600 598 777 556 432 807 448 3 733 568 396 492 961 308 922 633 206 788 290 44 641 484 655 817 618 145 33 176 802 936 318 203 946 356 303 940 122 798 628 857 410 728 362 384 935 33 543 228 174 834 272 815 318 928 985 289 425 370 465 227 306 783 430 604 491 85 544 
390 333 40 715 866 960 885 359 540 625 838 326 710 400 938 973 74 598 85 22 190 559 789 789 171 859 995 167 9 717 36 752 402 77 819 620 37 704 980 929 681 170 607 392 571 545 365 997 495 802 641 83 474 177 111 48 848 922 579 10 819 655 786 951 607 384 80 163 168 240 612 171 973 180 919 817 493 228 740 127 786 733 562 260 911 673 660 111 596 240 122 767 247 260 718 206 996 150 721 517 
168 8 219 585 802 357 926 142 212 615 977 222 676 498 946 896 846 202 488 18 862 460 81 962 916 87 580 381 8 105 854 176 465 73 114 267 782 40 409 346 7 738 569 683 236 515 932 435 69 772 19 686 361 160 475 532 19 823 52 380 540 88 484 942 165 304 563 554 360 895 835 394 417 442 138 340 987 855 337 483 658 708 521 371 220 348 256 239 171 660 972 711 748 456 6 266 112 921 172 473 
732 377 828 247 939 240 703 368 936 594 866 756 938 647 808 521 674 713 429 878 851 672 718 76 426 953 166 509 908 903 961 640 280 142 240 572 382 943 292 671 538 511 779 828 158 588 701 184 653 131 805 931 232 886 245 500 974 826 881 334 283 87 511 748 512 977 15 294 369 777 641 376 515 562 412 104 77 696 539 146 468 344 429 52 230 26 904 556 204 786 891 487 225 754 235 738 731 603 384 100 
666 905 5 28 341 599 253 365 894 662 394 320 486 927 253 795 744 769 894 661 728 341 931 444 479 188 411 196 652 659 789 670 916 794 51 257 393 304 974 287 966 368 959 804 647 565 599 392 334 493 415 504 803 133 932 582 438 99 443 347 2 757 339 634 899 579 558 633 523 851 304 413 362 84 241 872 24 295 57 677 426 824 533 581 309 465 163 747 916 959 446 270 716 786 905 615 365 463 248 240 
815 769 733 668 263 762 521 674 741 470 419 214 472 578 226 515 299 255 82 289 146 531 263 392 883 787 435 485 469 374 346 284 495 432 304 110 194 178 784 935 648 555 502 121 485 728 636 784 983 70 405 414 186 336 858 665 877 621 862 529 632 3 551 549 797 602 806 543 906 133 182 872 853 494 676 853 59 627 597 745 473 2 159 659 690 369 677 567 990 891 448 622 894 0 171 43 602 330 586 509 
420 816 429 807 956 261 678 824 434 686 27 325 118 415 521 239 676 202 188 302 909 729 314 637 850 911 817 857 852 347 926 625 516 355 784 472 969 814 297 403 852 676 80 971 92 601 562 120 156 750 425 481 601 688 225 836 475 12 322 944 386 20 228 233 452 533 343 998 711 479 286 359 34 788 832 871 868 820 655 203 891 80 36 844 121 261 681 596 273 355 541 12 375 121 245 180 654 941 530 717 
968 630 836 557 15 144 238 2 14 39 496 338 263 408 494 928 375 684 944 213 117 165 974 72 568 822 903 640 581 933 492 901 563 328 458 931 472 48 933 838 88 781 177 703 542 671 631 917 708 576 422 65 831 88 702 34 0 871 243 204 571 169 181 87 877 965 559 846 780 208 601 984 237 33 955 681 986 870 801 142 972 224 560 804 312 614 190 664 838 433 221 409 602 402 848 479 720 759 677 852 
271 898 362 622 564 477 867 606 576 29 3 955 321 578 76 69 403 210 447 380 349 36 796 634 739 565 745 69 266 155 19 889 405 733 511 970 562 378 576 491 407 931 446 80 510 522 501 913 84 300 130 825 93 104 249 13 278 153 653 211 86 145 113 1 474 923 932 298 972 217 137 60 351 666 115 893 689 99 810 397 27 292 223 120 748 824 134 26 977 787 237 415 285 702 417 759 978 701 409 950 
729 59 142 341 864 795 463 544 949 850 308 403 882 858 547 708 532 118 245 373 187 758 238 123 490 886 13 952 935 66 227 16 477 369 357 694 164 820 238 465 22 546 869 904 756 768 965 288 886 562 645 786 337 793 420 428 358 518 497 977 673 868 866 430 601 730 400 163 460 328 6 220 260 453 300 122 327 154 35 764 454 32 550 791 826 322 219 184 840 68 513 865 936 380 296 537 462 48 53 922 
844 336 292 836 307 245 583 46 163 619 671 995 21 722 500 26 970 519 522 780 6 148 922 892 567 522 545 488 625 131 436 821 467 729 657 774 974 241 172 490 212 844 837 585 918 337 612 889 857 134 13 73 672 604 197 163 490 562 467 777 628 46 793 457 416 150 503 932 322 741 750 696 639 619 601 395 739 918 36 625 480 49 699 152 653 248 667 496 810 487 273 790 533 419 599 301 921 103 586 596 
166 293 266 617 859 283 634 762 560 245 522 323 877 849 721 453 284 321 495 372 314 332 949 786 81 129 170 753 40 87 291 206 733 909 823 592 192 810 706 104 407 228 780 284 429 853 89 714 526 584 21 215 282 944 107 201 466 653 42 91 784 478 912 604 559 922 730 534 515 903 376 79 99 213 665 17 551 277 258 760 763 280 975 46 576 435 599 42 88 641 485 224 472 749 828 31 671 911 917 186 
287 907 133 487 696 982 469 986 919 516 154 441 2 164 582 876 153 73 618 643 371 622 723 62 94 124 761 210 440 364 131 727 272 264 567 968 246 36 306 518 904 460 311 907 624 893 783 129 319 753 438 841 268 387 979 349 517 149 102 909 237 746 468 970 655 643 914 200 453 620 656 212 200 436 496 629 290 585 695 816 521 134 9 789 873 989 491 742 138 945 652 727 691 120 49 699 115 315 251 921 
462 835 514 606 135 288 958 894 469 597 900 676 213 593 899 8 330 928 978 104 411 73 421 549 879 302 116 591 642 666 677 457 501 191 415 989 480 374 235 301 971 135 977 537 728 228 897 58 508 876 625 687 16 827 692 806 823 36 101 772 838 656 712 917 428 905 106 632 669 122 284 781 144 300 422 0 758 180 639 654 855 616 693 223 795 737 29 618 774 130 742 964 138 454 881 566 712 340 198 733 
168 870 827 336 325 871 232 359 164 890 902 334 712 717 804 173 352 455 873 277 230 510 157 806 541 494 375 30 981 120 702 149 342 881 485 667 752 69 379 268 959 281 602 23 998 407 197 703 214 422 515 919 949 936 821 180 590 937 772 585 955 449 42 457 992 457 446 824 831 681 125 155 168 454 44 896 682 941 306 543 169 821 462 470 109 283 651 700 572 775 285 528 224 679 337 568 488 135 393 672 
182 703 707 359 821 413 887 699 964 117 791 289 328 680 548 27 524 633 358 51 926 652 381 130 412 855 774 769 494 665 498 29 720 557 740 893 970 627 592 286 745 383 575 425 415 475 452 292 108 162 980 797 933 137 603 474 631 330 856 612 802 558 113 145 791 598 164 895 19 543 164 978 825 766 354 175 525 551 878 92 973 210 889 258 347 844 85 330 175 941 294 977 852 407 474 643 357 639 539 376 
12 210 59 614 501 461 984 267 667 997 142 683 354 108 219 788 240 333 505 719 148 1 506 162 657 26 283 564 172 481 647 185 691 59 151 544 520 135 812 187 485 306 222 839 415 793 979 7 479 485 343 387 815 76 517 579 932 643 348 778 660 198 807 380 755 900 274 77 527 866 363 624 602 939 401 369 414 854 661 875 16 357 614 183 433 131 762 365 127 463 496 787 13 655 168 769 555 794 846 83 
281 952 512 598 56 500 681 954 819 772 330 272 940 334 915 693 832 405 761 754 956 317 582 918 897 711 702 949 335 125 664 968 430 528 918 486 380 600 792 200 372 123 824 312 809 739 358 641 144 471 726 627 838 584 141 495 963 424 60 135 906 59 672 949 118 824 494 990 311 658 529 796 964 752 988 731 545 967 738 24 452 816 4 291 753 145 138 68 570 550 555 828 962 228 777 432 52 623 423 363 
605 268 905 43 908 156 643 639 766 885 514 199 874 194 420 544 597 31 256 776 629 343 210 933 479 977 121 230 266 925 196 871 545 101 915 805 610 558 444 376 795 311 927 669 505 347 566 454 379 822 395 452 788 329 722 37 41 425 338 376 902 355 696 332 883 615 171 264 215 963 464 587 438 288 251 248 379 609 241 875 81 989 328 221 318 402 259 359 827 597 87 82 952 784 766 188 399 289 452 966 
735 557 626 942 52 233 7 598 406 526 523 401 628 808 914 227 442 775 597 844 864 708 994 433 432 86 880 683 277 870 724 365 427 350 659 479 936 666 77 342 192 952 96 172 112 362 400 555 137 349 583 360 165 793 645 997 122 119 227 389 396 776 260 942 229 527 747 839 438 544 567 585 855 494 607 712 194 173 519 925 995 102 285 512 247 282 509 370 401 89 759 798 217 371 92 446 251 191 638 41 
383 121 551 266 151 772 261 543 744 459 424 66 760 12 798 454 387 20 331 133 767 668 769 115 831 74 767 183 880 306 39 263 427 590 881 578 714 142 473 811 953 897 229 713 909 28 519 648 48 850 399 354 58 393 787 490 831 19 525 460 889 249 825 317 951 837 148 887 503 578 582 696 530 678 220 643 392 620 198 529 322 949 235 380 694 375 222 525 394 747 985 636 996 163 305 299 0 453 539 503 
817 337 460 957 16 977 358 722 717 408 829 307 592 456 769 680 719 285 745 384 39 21 757 422 122 618 24 578 545 913 235 714 602 696 671 618 25 381 693 742 142 874 401 734 331 170 414 402 455 512 782 168 871 551 635 702 978 402 238 858 708 277 473 135 219 355 65 286 849 890 97 803 788 326 516 49 706 388 50 107 590 832 275 461 735 910 164 65 313 754 275 373 31 749 509 602 456 926 888 305 
264 787 568 667 528 678 752 792 202 240 511 239 865 428 808 34 966 385 717 797 546 459 538 880 678 792 435 45 528 235 942 793 22 862 460 903 540 564 695 742 804 558 981 22 338 142 56 305 879 774 786 846 533 543 268 655 162 293 585 59 558 820 125 512 868 148 483 245 529 176 987 671 402 741 758 85 911 524 487 719 36 273 565 569 169 186 224 331 831 161 742 389 982 867 253 202 15 736 448 896 
679 881 363 594 963 729 847 538 151 757 641 347 121 873 128 127 763 526 269 98 585 725 113 895 640 830 671 177 857 805 549 889 38 264 483 1 345 682 540 496 439 533 195 912 406 324 39 521 202 309 102 425 585 641 658 264 785 93 309 313 328 251 458 702 465 270 957 5 835 652 748 991 562 81 13 253 223 70 558 102 196 12 880 781 5 890 45 790 335 707 456 663 310 914 717 776 185 675 781 372 
386 413 820 66 172 406 856 958 31 167 947 669 97 722 341 111 884 392 744 752 999 500 483 710 270 468 142 239 59 992 91 446 406 263 864 578 669 73 888 52 240 835 721 338 910 415 801 794 159 545 619 787 386 84 682 26 914 706 203 124 863 104 13 901 369 848 255 66 530 795 563 321 680 758 233 438 434 625 959 988 286 930 775 672 14 810 699 280 868 254 404 731 711 769 984 432 617 239 498 499 
576 56 309 695 522 941 724 402 375 251 442 706 326 993 435 135 412 184 498 897 192 476 738 903 865 691 932 531 336 949 251 264 357 560 959 879 502 35 282 229 286 724 935 612 69 722 99 481 906 950 899 158 46 382 220 668 202 362 259 614 355 702 60 761 966 276 691 987 349 579 40 942 767 113 280 29 880 433 175 40 331 74 198 377 809 419 397 11 133 8 625 840 711 37 601 677 666 644 664 367 
355 142 202 242 850 616 198 633 129 636 969 944 157 108 185 147 601 69 2 733 129 705 156 966 224 876 494 167 772 215 273 127 357 827 721 559 443 920 192 924 908 514 868 418 622 53 917 224 123 919 731 98 426 469 354 291 160 638 175 848 587 426 464 297 338 423 176 192 810 458 421 97 535 708 61 604 430 513 438 336 463 169 787 889 990 493 532 502 131 59 703 71 837 167 368 176 943 544 368 753 
312 972 599 623 381 216 908 196 750 418 486 204 236 380 987 224 197 618 904 782 322 50 352 668 493 966 834 603 481 617 355 145 589 954 120 323 170 29 871 920 799 358 477 35 738 816 611 287 786 516 309 604 624 817 922 201 693 417 368 465 984 993 945 693 821 666 252 264 938 445 189 199 311 409 617 933 463 534 157 938 454 818 894 430 635 816 631 328 585 352 146 569 345 91 262 166 109 515 431 400 
121 763 636 196 62 747 714 530 822 519 432 413 746 795 275 747 935 548 192 38 541 212 723 255 303 930 350 290 334 290 554 456 405 190 4 468 289 70 998 464 589 782 229 687 577 504 434 864 405 627 70 109 918 774 777 412 740 611 367 574 581 722 71 170 676 544 845 198 925 717 470 724 75 299 111 165 115 723 453 902 591 875 11 509 1 140 273 93 103 640 19 684 714 91 207 742 635 52 940 912 
622 585 598 525 152 56 6 576 948 702 756 172 301 531 586 582 563 847 122 146 595 960 628 738 200 61 112 550 913 360 378 887 946 976 765 450 384 771 378 684 473 135 856 127 18 795 61 581 994 535 254 946 191 977 553 846 259 903 488 946 546 42 402 951 232 758 419 873 829 769 337 418 551 567 106 480 71 892 344 828 871 599 774 62 928 680 260 540 583 748 486 129 790 240 81 374 998 852 248 827 
734 4 583 204 936 49 693 664 928 114 737 694 615 400 955 176 95 263 857 581 873 276 924 458 968 70 698 51 820 330 296 906 686 879 111 623 281 156 639 561 622 376 256 590 129 211 118 224 827 327 79 941 495 707 679 47 120 792 597 386 504 327 273 802 303 38 605 39 161 983 724 987 118 580 466 488 727 527 69 721 414 501 663 261 208 342 308 681 486 257 67 991 585 692 145 240 731 750 280 244 
438 671 996 710 976 763 463 844 999 88 540 211 223 287 377 439 545 467 808 715 180 853 776 516 129 118 355 451 365 329 975 156 352 971 218 328 86 682 172 86 122 712 649 345 0 378 137 897 846 945 805 700 603 82 510 571 152 560 623 324 891 271 231 929 502 694 552 135 850 543 697 824 272 953 414 401 516 884 625 695 211 782 395 166 864 257 738 368 818 713 693 61 984 276 990 838 970 895 974 172 
318 727 361 518 985 814 70 973 755 519 808 994 580 21 382 733 129 754 97 839 559 36 128 774 708 700 721 330 235 191 936 553 918 298 424 255 464 494 580 219 14 388 213 946 761 948 32 242 702 481 612 26 150 740 895 631 858 250 434 576 579 409 732 931 732 950 611 171 632 135 257 755 848 258 452 200 636 589 449 834 886 61 213 388 801 108 19 11 358 805 587 289 214 319 220 947 622 183 118 254 
713 326 305 210 69 642 821 112 363 675 857 565 610 215 637 810 609 934 624 816 786 935 322 835 351 749 25 946 705 174 213 770 500 518 981 921 513 802 33 228 477 242 146 439 457 783 250 419 69 874 81 261 517 561 35 225 613 108 555 848 651 492 402 569 142 826 176 606 672 757 177 38 497 743 337 259 691 369 853 745 202 935 6 719 848 394 945 462 854 852 310 506 696 64 427 838 242 604 796 267 
519 631 768 513 469 11 964 90 504 835 132 224 940 29 809 955 321 907 628 33 168 369 691 805 596 443 336 291 562 979 960 433 962 81 298 431 92 263 873 949 98 5 525 390 35 334 345 708 241 325 235 207 161 557 42 865 658 420 811 716 594 24 486 94 894 467 15 759 622 400 988 99 642 486 891 451 621 493 870 690 719 105 897 233 662 292 98 673 712 261 389 306 285 875 752 531 695 119 291 317 
891 751 962 454 997 997 404 930 729 414 103 787 167 390 244 705 946 991 176 757 25 142 506 306 390 508 915 865 841 297 534 84 48 496 890 397 493 294 679 223 61 135 362 228 525 606 285 471 598 461 94 761 694 785 918 291 581 606 934 495 586 895 929 900 328 227 332 420 842 557 369 292 563 246 683 598 580 380 658 173 58 752 286 104 538 204 747 119 811 682 614 749 929 895 649 609 475 333 29 317 
392 508 307 851 885 711 186 516 751 345 97 605 85 653 414 617 140 920 96 176 637 68 706 803 265 131 563 283 200 761 415 593 622 722 444 507 785 630 23 537 328 472 142 413 125 556 30 265 476 478 581 623 955 439 930 345 947 197 210 141 494 97 225 894 593 468 292 87 114 323 662 175 458 24 403 335 631 688 807 229 501 740 204 809 179 486 154 479 684 717 620 178 814 197 73 759 665 717 846 780 
208 503 267 482 256 916 234 917 595 603 406 753 765 362 810 780 291 30 426 52 698 608 112 931 567 91 101 747 498 345 482 706 848 101 189 456 17 775 725 965 378 484 718 495 846 880 275 489 911 701 793 466 546 500 269 164 631 184 447 184 946 214 777 568 936 221 427 722 203 802 259 531 274 753 297 399 661 679 17 137 158 162 955 704 662 577 868 646 761 667 830 707 881 607 627 170 180 406 892 735 
369 454 593 927 474 436 683 727 906 928 539 78 67 16 264 859 34 678 748 749 771 880 156 675 665 103 546 941 399 50 187 768 856 780 696 330 568 379 58 474 660 949 905 727 966 169 586 352 199 334 541 961 661 653 892 228 745 994 327 243 339 162 949 540 263 490 996 633 617 74 950 347 558 20 843 756 901 118 245 812 172 786 125 833 792 17 414 537 363 741 132 55 903 433 947 519 276 943 504 893 
444 608 898 287 752 297 97 768 283 610 984 954 577 170 192 506 705 13 149 432 359 256 753 417 596 875 23 865 481 41 794 925 649 44 212 753 342 661 874 977 272 858 931 849 380 475 356 85 488 857 453 970 566 610 645 231 713 191 525 112 593 712 881 449 844 929 132 764 308 190 238 320 491 143 47 809 664 985 161 863 319 967 186 237 577 183 469 642 727 994 107 320 58 988 122 254 269 254 18 577 
710 169 139 934 888 799 537 435 814 226 823 39 785 706 376 319 909 127 703 752 155 770 980 256 445 889 826 293 938 207 326 1 376 818 935 617 969 472 404 783 51 227 174 188 933 551 508 195 30 563 518 847 113 623 616 61 850 639 926 331 32 72 608 34 117 172 787 811 834 661 788 106 871 719 307 251 195 15 689 35 872 559 883 337 182 851 398 384 843 676 715 875 101 675 909 218 847 49 29 681 
869 880 952 674 784 116 413 591 787 699 428 374 933 451 295 446 267 700 480 704 529 973 321 813 927 791 722 981 434 225 958 655 457 911 329 242 27 743 185 166 794 614 893 79 65 540 877 684 240 357 947 185 334 927 442 131 169 268 776 459 476 103 460 204 273 747 821 242 572 226 377 975 453 552 163 739 455 671 934 485 235 233 22 921 513 816 52 682 437 829 141 265 284 954 469 557 53 291 151 625 
409 498 153 197 806 450 403 6 625 645 446 157 276 360 372 673 561 549 924 122 670 167 620 693 408 866 585 273 100 21 913 509 520 418 59 678 869 814 684 846 811 130 355 439 491 727 112 52 628 37 741 121 331 62 286 610 205 360 943 639 585 902 646 395 165 976 989 544 71 174 62 865 788 307 945 205 848 822 890 440 532 631 562 215 45 200 825 251 561 769 242 498 23 889 893 540 865 882 84 288 
197 667 267 865 10 772 728 783 390 643 833 45 436 886 608 728 932 783 736 611 547 913 594 165 120 401 704 65 413 384 618 610 51 885 828 413 9 556 197 400 552 382 797 988 269 406 716 553 189 804 526 299 204 498 344 964 716 930 237 817 303 502 678 823 920 89 501 141 903 537 987 714 668 342 153 511 421 266 915 50 655 441 701 211 291 45 175 8 327 764 825 631 266 855 806 186 945 660 680 200 
283 752 732 374 126 897 86 553 482 351 522 871 781 932 682 321 597 387 374 220 700 703 537 942 568 953 998 501 880 527 57 163 631 790 890 109 39 976 15 521 680 537 744 461 822 779 782 419 166 508 164 89 69 759 254 542 512 958 959 925 342 577 535 746 462 715 159 472 624 708 224 176 91 21 164 360 427 233 913 969 389 429 58 811 188 312 353 52 623 312 977 317 890 865 63 704 580 575 528 204 
829 518 970 569 712 910 778 684 985 407 175 569 26 885 68 526 107 348 860 840 966 555 315 626 831 163 472 226 495 893 68 676 764 38 245 828 301 24 864 286 783 40 207 161 277 276 688 384 624 548 639 218 212 528 512 132 833 511 633 713 390 43 877 373 185 119 483 224 447 498 97 127 387 841 940 209 972 723 628 139 583 619 709 147 148 222 280 981 733 265 695 123 660 924 496 845 43 331 421 490 
993 535 26 480 653 874 596 399 410 448 121 846 876 786 89 899 668 970 329 295 715 12 857 393 625 173 393 765 719 18 105 713 553 484 545 558 358 142 309 121 942 782 319 819 569 409 70 589 731 399 576 590 455 243 217 286 406 41 864 253 286 932 930 402 971 175 230 272 551 95 910 334 487 118 496 764 394 536 500 370 436 428 313 891 671 882 529 77 275 393 683 561 677 613 964 0 788 546 272 340 
277 772 378 139 19 582 570 26 857 943 765 884 552 303 322 256 33 148 226 349 481 183 268 425 544 399 464 149 597 662 846 875 786 224 366 805 158 937 184 16 232 301 900 784 957 574 392 990 722 619 885 447 411 94 840 388 267 585 154 986 603 611 699 508 95 245 418 454 739 727 927 681 510 246 852 431 655 275 372 739 674 257 186 438 351 378 826 970 963 980 957 919 944 8 779 39 605 198 845 344 
132 277 558 373 677 117 570 4 69 110 53 992 990 305 422 829 242 550 379 624 230 237 817 956 631 608 304 927 801 432 62 286 61 972 659 91 442 581 95 863 44 148 208 34 805 630 215 48 532 594 339 203 154 959 980 698 359 797 200 308 459 46 183 245 622 902 403 780 839 587 148 423 240 400 559 197 974 952 188 697 571 527 252 77 839 585 128 198 382 328 506 193 374 42 438 348 944 193 128 135 
162 627 405 420 974 21 836 303 852 299 516 629 787 139 590 821 832 717 657 547 939 801 420 670 538 514 883 527 918 371 703 433 350 460 853 676 482 689 331 686 341 847 316 480 986 258 302 170 975 311 24 762 183 194 718 815 802 22 742 955 806 157 241 868 481 252 311 923 186 758 139 230 906 347 264 63 329 831 463 861 425 488 623 960 682 341 775 836 715 870 791 521 379 385 741 212 989 404 488 175 
271 926 536 723 160 15 512 4 797 472 823 242 852 910 503 722 638 415 300 538 561 855 334 644 470 80 773 701 747 133 238 18 411 774 741 923 789 254 927 938 78 750 532 282 12 36 357 650 803 9 69 267 464 489 937 2 355 172 530 626 895 585 59 245 45 264 921 879 306 604 566 647 451 234 127 789 492 781 959 819 445 28 86 909 870 376 912 225 900 794 203 796 731 614 393 128 879 315 360 537 
420 947 695 107 663 532 455 119 374 157 378 577 48 707 644 518 397 750 296 925 892 481 425 11 738 308 881 810 496 645 655 268 592 702 376 607 586 183 726 960 340 456 889 740 515 885 258 912 636 907 541 717 864 227 361 334 307 486 35 54 619 625 73 382 751 814 305 893 420 232 183 850 335 716 485 347 104 842 350 259 851 891 976 67 118 690 754 778 176 141 832 148 767 905 530 518 72 188 763 844 
940 646 593 443 783 976 461 157 970 744 816 870 217 706 863 658 136 334 726 338 446 213 605 206 445 234 316 444 832 714 395 124 360 988 919 143 965 380 300 935 125 468 157 694 175 372 704 311 58 430 190 528 740 615 539 478 275 420 289 771 65 296 40 9 350 768 616 936 951 694 248 291 151 137 383 666 22 641 931 658 900 473 538 640 440 429 471 716 850 760 487 267 408 879 629 110 647 245 46 950 
315 550 899 736 284 223 683 391 603 646 557 414 257 931 869 827 15 469 590 182 603 82 442 721 427 506 460 192 869 137 462 185 39 713 273 323 936 308 715 891 954 624 306 212 555 527 39 922 997 982 649 856 996 606 62 441 193 378 885 377 92 280 501 804 621 420 947 586 152 600 873 629 420 382 324 947 107 28 610 165 459 611 22 455 218 84 248 763 815 133 140 259 766 993 64 739 765 363 677 269 
706 238 697 734 287 960 668 216 263 229 789 548 895 315 898 812 865 91 838 549 673 139 854 754 955 173 750 207 476 245 557 182 836 254 268 475 566 937 691 830 518 833 730 414 500 628 578 365 72 769 457 600 64 899 673 492 405 133 36 626 622 850 163 661 563 436 984 499 745 51 743 699 27 49 911 934 576 951 209 573 933 666 525 349 917 198 193 674 683 230 300 305 80 464 966 644 252 303 495 997 
542 610 584 985 27 730 928 776 159 884 597 5 459 515 463 803 989 136 793 417 584 905 747 715 322 817 783 311 453 708 515 347 318 99 332 345 181 612 121 341 496 70 698 308 938 162 111 927 298 257 914 97 908 121 203 215 294 953 774 770 551 331 304 739 937 573 214 504 862 258 686 380 91 416 146 591 397 77 956 821 846 223 918 106 344 122 673 638 427 447 760 978 779 416 69 68 989 284 572 851 
116 554 798 469 593 720 760 794 753 331 645 395 950 83 551 717 471 192 449 943 981 303 209 137 274 586 407 398 420 973 935 888 879 85 710 472 805 470 618 910 153 263 657 455 347 209 172 170 753 973 696 234 162 796 949 484 965 733 148 770 441 663 117 111 114 801 457 295 413 930 988 261 1 687 569 291 201 33 570 851 290 267 86 804 415 387 641 732 472 789 502 913 804 971 377 918 772 834 565 537 
851 928 752 97 30 814 41 694 753 156 463 314 384 967 855 286 399 298 745 464 42 237 837 374 649 399 378 341 620 565 838 472 493 590 921 876 756 962 922 510 470 385 176 854 704 383 141 103 681 238 113 87 276 322 224 902 908 632 300 680 957 235 569 836 673 279 660 830 101 630 93 607 245 750 62 592 311 587 114 417 560 228 504 189 550 80 91 459 64 744 139 21 979 60 209 4 691 221 835 145 
950 64 383 724 160 600 203 992 310 137 505 259 342 742 387 305 429 640 127 592 767 782 150 550 390 947 987 223 859 130 948 161 194 683 238 707 636 793 51 298 282 556 557 624 650 944 281 79 936 761 919 724 827 109 98 477 508 476 170 480 42 8 304 887 950 225 115 58 540 37 568 10 422 96 865 478 479 358 582 161 948 853 237 776 962 335 253 822 163 775 303 557 783 607 445 85 833 912 143 373 
635 538 206 274 226 45 564 210 517 932 483 751 676 460 880 594 394 294 336 920 217 114 874 301 89 449 228 852 704 988 196 691 526 402 966 752 799 530 314 316 814 798 419 843 610 651 437 4 946 125 23 703 543 173 605 933 472 592 508 684 75 808 197 621 844 435 328 480 580 379 778 862 287 688 839 937 984 120 368 921 233 392 976 777 917 582 62 742 526 923 426 601 731 623 575 575 411 903 407 991 
153 888 570 984 962 479 778 335 177 575 359 352 297 546 470 874 253 621 402 358 656 938 847 773 877 952 724 482 423 662 339 928 902 909 265 864 741 43 551 270 618 910 623 268 808 445 494 62 66 896 924 515 591 150 816 32 951 397 885 8 385 81 699 263 483 17 367 634 899 681 950 714 831 722 909 441 373 698 445 671 823 722 187 766 224 355 798 528 752 35 536 489 116 587 752 951 605 119 585 504 
528 660 228 46 145 106 373 428 830 762 425 802 275 497 960 408 417 886 168 261 709 275 692 770 713 612 329 44 236 479 15 116 140 243 162 285 702 536 713 532 650 490 335 926 339 647 686 108 533 854 772 723 186 971 496 63 923 572 898 699 586 237 627 488 146 892 352 239 287 904 510 258 166 485 878 975 930 372 389 997 620 161 72 158 132 568 573 408 492 471 107 79 60 86 919 559 331 272 798 618 
524 479 384 383 954 798 286 428 897 945 436 851 678 687 637 825 655 970 999 317 894 788 505 776 11 358 212 127 514 551 728 38 382 464 774 336 262 412 764 160 709 201 363 387 240 0 212 896 971 564 370 243 481 414 13 194 26 694 591 614 173 606 730 665 201 245 303 903 133 16 788 783 859 475 61 550 122 747 659 8 953 381 251 434 795 616 981 174 662 924 788 835 882 871 853 83 116 156 339 249 
